-,-,-
73.242188, -148.681641, 916.015625
-11.962891, -244.873047, 975.585938
0.000000, -313.232422, 941.406250
2.929688, -245.849609, 959.472656
-128.662109, -408.935547, 993.164062
-10.009766, -235.595703, 916.992188
-47.607422, -293.701172, 955.078125
-51.025391, -256.591797, 915.039062
1.464844, -184.326172, 874.023438
-57.373047, -250.732422, 855.957031
-13.916016, -130.615234, 754.394531
-111.083984, -156.982422, 666.015625
-92.529297, -39.794922, 470.703125
-177.001953, -58.349609, 696.289062
-116.943359, 44.921875, 665.039062
-169.189453, 34.179688, 944.335938
-182.861328, -34.912109, 1173.828125
-23.681641, 1.953125, 1234.375000
-69.580078, -90.576172, 1409.179688
67.871094, 11.718750, 1565.429688
58.593750, -34.423828, 1437.500000
-39.306641, -45.654297, 1158.203125
-59.814453, -113.037109, 1153.320312
-105.712891, -172.607422, 1154.296875
-58.349609, -74.951172, 1232.421875
-45.166016, 32.226562, 1245.605469
5.859375, 69.824219, 1228.515625
-21.240234, 42.968750, 1212.890625
155.761719, 203.613281, 1198.242188
187.011719, 210.937500, 1151.367188
371.582031, 114.746094, 1042.480469
284.179688, 243.164062, 842.773438
194.824219, 135.253906, 595.214844
216.796875, 82.519531, 390.136719
87.402344, -137.451172, 519.042969
96.191406, -137.939453, 654.785156
-54.931641, -228.271484, 763.671875
-34.912109, -249.755859, 917.968750
-,-,-
35.644531, -169.189453, 933.105469
-82.275391, -332.763672, 1004.882812
9.277344, -264.404297, 961.425781
-56.396484, -286.376953, 947.265625
-90.576172, -302.001953, 940.917969
-58.837891, -233.642578, 913.085938
-106.201172, -261.474609, 951.171875
-89.599609, -220.458984, 933.105469
-35.888672, -153.564453, 878.417969
-124.755859, -273.193359, 879.394531
-77.880859, -152.587891, 800.781250
-98.388672, -101.806641, 772.460938
-84.716797, -46.630859, 618.164062
-91.552734, -72.509766, 594.238281
-85.205078, -24.169922, 520.507812
-93.994141, 29.785156, 695.312500
-113.037109, -44.677734, 968.750000
-82.275391, -36.865234, 1056.640625
-187.255859, -40.771484, 1315.429688
-42.724609, -21.240234, 1392.578125
-28.076172, -99.365234, 1635.253906
-41.748047, -88.134766, 1550.781250
-83.740234, -110.107422, 1424.316406
-127.685547, -45.654297, 1298.339844
-85.693359, -56.396484, 1298.339844
-150.146484, -34.912109, 1249.023438
-13.916016, 169.433594, 1125.976562
-99.853516, 9.765625, 1168.945312
103.027344, 236.816406, 1075.195312
118.652344, 195.312500, 940.429688
150.878906, 183.593750, 930.664062
250.000000, 314.453125, 721.679688
188.476562, 145.996094, 663.085938
162.109375, 147.949219, 587.890625
76.660156, -13.427734, 687.500000
-43.701172, -80.322266, 757.812500
-106.689453, -170.166016, 893.554688
-149.658203, -216.064453, 901.367188
-144.775391, -245.849609, 931.152344
-159.912109, -178.466797, 962.402344
-148.193359, -140.869141, 1099.609375
-,-,-
-14.404297, -277.099609, 993.164062
75.195312, -126.708984, 957.031250
-20.751953, -255.615234, 957.519531
-23.193359, -212.646484, 951.171875
-44.189453, -288.818359, 984.863281
-25.146484, -219.970703, 1001.953125
-57.861328, -233.642578, 1004.882812
-26.611328, -190.673828, 949.218750
-38.330078, -194.091797, 970.703125
-26.611328, -189.697266, 935.058594
-48.095703, -202.392578, 926.757812
-59.814453, -209.228516, 906.738281
-37.841797, -189.208984, 880.371094
-95.947266, -228.271484, 896.484375
-87.158203, -137.939453, 831.542969
-84.716797, -36.376953, 744.140625
-92.529297, 14.648438, 630.859375
-89.599609, 21.484375, 596.191406
-172.119141, 11.718750, 629.882812
-105.224609, 138.671875, 744.140625
-146.240234, 35.156250, 811.523438
-224.853516, -56.396484, 1048.828125
-97.412109, -3.662109, 1274.414062
-77.880859, -34.423828, 1509.277344
-29.052734, -99.853516, 1588.867188
-70.068359, -103.271484, 1572.265625
-135.009766, -109.130859, 1428.222656
-177.001953, -137.451172, 1435.546875
-168.701172, -94.482422, 1361.328125
-75.927734, -22.216797, 1341.796875
-232.666016, -134.033203, 1348.632812
71.289062, 257.812500, 1193.847656
74.707031, 213.867188, 1034.179688
142.578125, 316.406250, 742.187500
250.000000, 308.105469, 448.730469
134.765625, 132.324219, 444.335938
216.796875, 160.156250, 459.960938
78.125000, -34.423828, 660.156250
-29.052734, -128.662109, 801.757812
-135.009766, -282.958984, 913.085938
-150.634766, -292.724609, 971.679688
-138.427734, -258.544922, 1070.312500
-78.857422, -191.162109, 1038.574219
-,-,-
46.875000, -50.048828, 962.402344
-24.169922, -184.326172, 979.492188
20.019531, -177.490234, 935.546875
6.347656, -146.240234, 958.984375
-32.470703, -218.994141, 970.703125
-26.611328, -188.720703, 995.117188
-52.001953, -194.091797, 988.769531
-33.935547, -168.701172, 997.070312
-31.494141, -146.240234, 930.664062
-52.978516, -162.841797, 928.710938
-25.146484, -146.240234, 915.039062
-85.205078, -197.998047, 916.992188
-62.744141, -107.177734, 841.796875
-133.544922, -80.810547, 704.101562
-110.595703, 70.312500, 583.007812
-166.748047, 6.835938, 534.179688
-179.443359, 25.390625, 603.515625
-211.181641, 7.812500, 721.191406
-139.404297, 136.230469, 795.898438
-208.251953, 30.273438, 1068.847656
-69.580078, 117.675781, 1315.429688
-75.927734, 4.882812, 1501.953125
-17.822266, -2.197266, 1451.660156
-10.498047, -49.560547, 1625.000000
-124.267578, -96.435547, 1653.320312
-161.865234, 1.953125, 1497.070312
-210.205078, 8.789062, 1351.074219
-121.826172, 92.773438, 1213.867188
-226.806641, -49.072266, 1148.437500
33.691406, 218.750000, 1028.320312
44.921875, 140.625000, 960.449219
161.621094, 238.769531, 793.945312
115.234375, 146.972656, 619.140625
254.882812, 276.367188, 564.453125
133.300781, 117.675781, 587.890625
95.214844, 94.238281, 766.601562
-12.939453, -40.771484, 867.187500
-62.255859, -129.638672, 946.289062
-113.037109, -155.029297, 920.898438
-135.986328, -170.166016, 980.468750
-115.478516, -122.802734, 958.496094
-92.529297, -107.177734, 1099.609375
-21.240234, -175.537109, 1012.207031
-9.521484, -130.615234, 995.117188
-,-,-
-108.642578, -260.498047, 996.093750
-52.001953, -246.826172, 923.828125
-38.330078, -222.900391, 953.125000
-33.447266, -183.349609, 937.011719
-82.275391, -185.791016, 987.792969
-63.232422, -196.044922, 986.816406
-74.462891, -223.876953, 911.132812
-70.068359, -201.416016, 1004.882812
-80.810547, -209.716797, 952.148438
-84.716797, -218.994141, 970.703125
-90.576172, -201.416016, 958.496094
-89.599609, -170.166016, 894.531250
-111.083984, -236.572266, 935.058594
-120.361328, -216.552734, 922.851562
-77.880859, -123.779297, 916.992188
-150.634766, -139.404297, 833.496094
-179.931641, -34.912109, 643.554688
-231.689453, 24.414062, 458.984375
-192.626953, 112.304688, 449.218750
-263.427734, 60.546875, 598.144531
-196.533203, 142.578125, 829.589844
-160.400391, 126.953125, 986.816406
-247.802734, -118.408203, 1427.246094
-94.482422, 31.250000, 1477.539062
-103.271484, -5.615234, 1631.835938
-98.876953, 8.789062, 1450.683594
-189.697266, -60.302734, 1322.753906
-242.919922, -117.431641, 1287.109375
-178.466797, -23.193359, 1360.351562
-130.126953, 66.894531, 1448.242188
0.000000, 200.683594, 1390.625000
50.292969, 232.421875, 1217.285156
43.457031, 176.757812, 1113.769531
110.839844, 195.312500, 872.070312
119.140625, 173.828125, 681.640625
170.898438, 183.105469, 467.285156
144.042969, 119.140625, 522.460938
83.007812, 7.812500, 622.070312
24.414062, -51.025391, 733.398438
-42.724609, -138.916016, 812.988281
-88.134766, -160.888672, 894.531250
-97.412109, -161.865234, 942.382812
-139.404297, -204.345703, 965.332031
-106.201172, -109.130859, 975.585938
-96.435547, -127.685547, 1033.203125
-30.029297, -102.783203, 1054.199219
-47.119141, -108.154297, 1008.789062
-7.080078, -129.638672, 1040.039062
-,-,-
-66.650391, -165.771484, 988.769531
-6.103516, -94.482422, 962.402344
-31.494141, -186.767578, 1004.882812
-47.119141, -144.287109, 954.101562
-55.419922, -156.005859, 946.289062
-64.697266, -166.259766, 960.449219
-30.029297, -128.662109, 939.453125
-43.701172, -151.611328, 958.496094
-51.025391, -141.357422, 960.449219
-62.744141, -171.142578, 982.421875
-56.396484, -156.005859, 988.769531
-77.880859, -175.537109, 955.078125
-64.697266, -162.841797, 966.796875
-110.595703, -172.119141, 934.082031
-61.767578, -68.603516, 872.070312
-115.478516, -62.255859, 834.472656
-119.873047, 32.714844, 719.238281
-183.837891, -126.708984, 611.328125
-240.966797, -90.576172, 523.437500
-189.208984, 82.519531, 444.335938
-150.146484, 232.421875, 693.359375
-114.501953, 245.117188, 1004.882812
-151.123047, -53.955078, 1314.453125
-119.873047, 57.617188, 1518.554688
38.085938, 115.722656, 1567.382812
-34.912109, -14.404297, 1546.875000
-37.841797, -0.244141, 1485.351562
-125.244141, -100.341797, 1404.785156
-126.708984, -23.193359, 1449.218750
1.953125, 112.304688, 1345.703125
45.898438, 230.468750, 1213.867188
74.707031, 256.347656, 1147.460938
98.632812, 227.539062, 916.992188
64.453125, 222.656250, 721.679688
202.148438, 212.890625, 583.007812
150.878906, 172.851562, 463.378906
119.140625, 89.355469, 645.507812
39.062500, -17.822266, 746.093750
4.882812, -82.275391, 814.453125
-55.419922, -184.814453, 862.304688
-47.607422, -181.396484, 927.734375
-31.005859, -133.544922, 963.867188
-13.916016, -187.744141, 965.820312
21.484375, -142.333984, 955.078125
-,-,-
-65.673828, -152.587891, 1042.968750
3.906250, -148.681641, 938.476562
-57.373047, -178.466797, 980.468750
-33.447266, -131.591797, 925.781250
-20.751953, -128.662109, 925.781250
-57.861328, -187.744141, 926.757812
-30.029297, -156.005859, 967.773438
-31.494141, -129.638672, 980.957031
-36.865234, -151.611328, 1011.230469
-42.236328, -169.189453, 988.769531
-33.447266, -135.986328, 972.656250
-57.373047, -178.466797, 985.839844
-41.748047, -145.263672, 966.796875
-51.513672, -109.130859, 946.289062
-107.666016, -174.560547, 922.851562
-119.873047, -139.404297, 886.718750
-175.048828, -122.314453, 834.960938
-212.646484, -126.708984, 649.902344
-170.166016, 31.738281, 548.339844
-133.544922, 127.929688, 550.781250
-86.669922, 261.718750, 583.007812
-102.294922, 221.679688, 745.117188
-90.087891, 194.335938, 1062.988281
-29.541016, 54.199219, 1292.968750
3.906250, 51.269531, 1574.218750
-14.404297, -72.998047, 1811.523438
-37.841797, -44.677734, 1514.648438
-178.466797, -63.720703, 1321.777344
-145.751953, 5.859375, 1192.382812
-74.951172, 158.203125, 1299.316406
-20.751953, 219.238281, 1320.312500
38.085938, 251.464844, 1193.847656
52.734375, 245.117188, 1062.011719
142.578125, 247.070312, 953.125000
139.160156, 204.589844, 943.359375
183.593750, 222.656250, 810.546875
171.386719, 213.867188, 658.203125
147.460938, 166.015625, 630.371094
48.339844, 33.691406, 679.687500
25.390625, 7.812500, 768.554688
-50.537109, -41.748047, 815.429688
-78.857422, -104.248047, 875.000000
-114.990234, -90.576172, 917.480469
-80.322266, -108.154297, 992.187500
-66.650391, -98.876953, 1011.230469
-43.212891, -120.361328, 1080.078125
30.273438, -75.927734, 1036.621094
-,-,-
-110.107422, -178.466797, 1000.000000
-61.767578, -171.630859, 988.281250
-24.169922, -119.873047, 940.429688
-43.701172, -158.935547, 935.058594
-35.888672, -135.009766, 916.992188
-20.263672, -151.611328, 902.343750
-19.775391, -138.916016, 975.585938
-20.751953, -131.103516, 987.792969
-26.611328, -147.216797, 1030.273438
-32.958984, -168.212891, 1015.625000
-28.076172, -148.193359, 963.867188
-31.005859, -143.310547, 955.566406
-43.701172, -145.263672, 937.500000
-65.185547, -145.751953, 917.480469
-88.134766, -145.263672, 853.515625
-81.298828, -86.181641, 823.242188
-146.728516, -107.666016, 815.429688
-85.693359, 5.859375, 700.683594
-183.837891, -89.599609, 725.585938
-136.962891, 27.343750, 743.164062
-175.537109, 72.265625, 694.335938
-234.130859, 62.500000, 808.593750
-204.345703, 151.855469, 791.015625
-170.654297, 212.890625, 944.335938
-16.357422, 278.320312, 994.140625
39.062500, 151.855469, 1297.363281
83.984375, 9.765625, 1707.519531
69.824219, -14.892578, 1734.375000
-72.509766, -151.611328, 1389.648438
35.644531, -154.052734, 1450.195312
-96.435547, -19.775391, 1164.062500
-56.396484, 15.136719, 1148.437500
-37.841797, 61.523438, 987.792969
-76.904297, 47.851562, 1086.914062
159.179688, 277.343750, 1008.789062
115.722656, 234.863281, 859.375000
195.312500, 287.597656, 904.785156
106.933594, 117.675781, 732.421875
79.101562, 49.316406, 675.292969
0.488281, -45.654297, 605.468750
-25.146484, -113.037109, 733.398438
-61.767578, -226.318359, 749.023438
-96.923828, -218.994141, 827.148438
-35.888672, -165.771484, 923.828125
-50.537109, -182.373047, 964.843750
-27.099609, -160.888672, 1001.953125
-25.146484, -165.283203, 1004.882812
-29.052734, -181.396484, 998.046875
-9.521484, -184.326172, 980.468750
25.390625, -145.263672, 980.468750
67.382812, -137.451172, 1017.578125
-,-,-
-19.287109, -112.060547, 943.359375
-73.974609, -136.962891, 955.078125
-97.412109, -149.169922, 1000.976562
-124.267578, -178.466797, 1034.179688
-83.740234, -113.037109, 952.148438
-95.947266, -115.966797, 943.359375
-93.994141, -123.779297, 936.035156
-73.486328, -111.083984, 941.406250
-93.505859, -152.587891, 964.843750
-70.068359, -119.873047, 992.187500
-72.998047, -129.638672, 969.726562
-119.384766, -157.958984, 939.453125
-100.830078, -95.458984, 875.976562
-142.822266, -85.205078, 838.867188
-132.080078, 2.441406, 730.468750
-204.345703, -19.287109, 686.523438
-151.611328, 69.335938, 624.511719
-213.623047, 43.945312, 708.007812
-174.560547, 130.859375, 729.003906
-139.404297, 234.375000, 803.222656
-93.505859, 129.882812, 970.214844
-112.548828, -59.326172, 1245.117188
31.250000, 86.425781, 1476.074219
4.882812, -135.009766, 1606.445312
-46.142578, -169.189453, 1457.519531
-5.126953, -66.650391, 1201.171875
-241.943359, -212.646484, 1152.832031
-121.826172, 31.738281, 1132.812500
-122.314453, 92.773438, 1320.800781
-39.794922, 157.714844, 1208.007812
-139.404297, 9.765625, 1173.828125
74.218750, 216.308594, 1047.363281
29.785156, 50.292969, 1020.507812
114.746094, 206.054688, 934.082031
213.867188, 235.839844, 818.359375
184.570312, 178.710938, 703.125000
122.558594, 114.257812, 715.820312
113.281250, 98.144531, 668.457031
49.316406, -1.708984, 773.437500
-15.380859, -49.560547, 855.957031
-33.447266, -66.650391, 891.601562
-75.439453, -98.388672, 943.359375
-66.162109, -98.876953, 972.656250
-93.994141, -133.056641, 1011.230469
-55.908203, -140.380859, 1002.929688
-52.001953, -94.482422, 1043.945312
-75.439453, -110.107422, 1006.835938
36.132812, -52.490234, 1055.664062
-,-,-
-98.388672, -180.419922, 1011.230469
-35.888672, -151.123047, 987.792969
-50.048828, -161.865234, 1017.089844
-53.955078, -167.236328, 987.792969
-47.119141, -154.541016, 938.476562
-48.095703, -136.962891, 935.058594
-77.880859, -173.583984, 941.406250
-67.138672, -181.396484, 961.425781
-66.162109, -188.720703, 942.382812
-93.994141, -205.810547, 969.726562
-67.626953, -168.212891, 973.632812
-68.603516, -177.490234, 944.335938
-77.880859, -198.974609, 956.054688
-67.626953, -164.794922, 959.472656
-69.091797, -183.349609, 962.402344
-89.111328, -210.693359, 980.468750
-110.107422, -184.326172, 937.500000
-66.650391, -140.380859, 885.253906
-105.224609, -147.216797, 852.539062
-94.970703, -74.951172, 788.085938
-138.427734, -20.751953, 650.878906
-222.412109, 14.160156, 610.351562
-237.548828, 44.433594, 558.593750
-289.306641, 63.476562, 565.429688
-211.669922, 223.144531, 740.234375
-227.783203, 236.816406, 981.445312
-162.841797, 149.414062, 1189.941406
-145.263672, 16.113281, 1405.273438
-23.193359, -11.962891, 1554.199219
-139.892578, -304.931641, 1794.433594
-105.224609, -173.583984, 1682.617188
-269.287109, -175.537109, 1428.222656
-204.345703, 26.367188, 1180.664062
-82.275391, 160.156250, 1072.265625
-217.041016, -8.544922, 1139.648438
146.484375, 353.027344, 1123.046875
156.250000, 313.476562, 971.679688
68.847656, 175.781250, 901.367188
159.667969, 244.140625, 681.640625
67.382812, 91.796875, 616.210938
119.140625, 138.671875, 605.468750
38.085938, 64.453125, 676.269531
1.953125, 17.089844, 766.601562
-74.951172, -65.185547, 881.347656
-72.509766, -106.201172, 922.851562
-101.806641, -93.505859, 937.988281
-108.642578, -85.205078, 1025.390625
-83.740234, -76.904297, 1020.507812
-49.560547, -59.326172, 1031.250000
-15.869141, -108.154297, 1056.640625
-,-,-
-38.330078, -90.576172, 948.242188
-74.462891, -149.658203, 986.816406
12.695312, -119.384766, 977.539062
-31.982422, -139.404297, 996.093750
-63.232422, -170.166016, 993.164062
-33.935547, -132.568359, 1019.531250
-33.447266, -114.990234, 971.679688
-41.748047, -121.826172, 967.773438
-52.001953, -139.892578, 975.585938
-31.494141, -116.455078, 958.007812
-52.001953, -159.912109, 960.449219
-56.884766, -146.240234, 963.867188
-57.373047, -141.357422, 975.585938
-72.021484, -120.361328, 976.562500
-76.904297, -95.458984, 949.218750
-104.248047, -129.638672, 922.851562
-135.986328, -119.873047, 831.542969
-145.263672, -34.423828, 694.335938
-142.822266, 99.609375, 567.382812
-229.736328, 101.562500, 552.734375
-247.314453, 180.664062, 557.617188
-288.818359, 151.855469, 671.875000
-203.369141, 97.167969, 988.769531
-247.314453, -148.193359, 1206.054688
-106.689453, -103.759766, 1646.484375
-176.513672, -170.166016, 1866.699219
-140.869141, -1.220703, 1669.921875
-311.279297, -73.486328, 1440.429688
-222.412109, 30.761719, 1235.351562
-212.646484, 50.292969, 1168.945312
-135.986328, 96.191406, 1143.066406
-41.259766, 122.070312, 1022.460938
-22.216797, 58.593750, 986.816406
34.179688, 74.218750, 913.574219
142.578125, 185.058594, 795.898438
121.093750, 131.347656, 688.476562
236.328125, 234.375000, 679.199219
102.050781, 52.734375, 756.835938
109.863281, 68.847656, 770.507812
-11.474609, -41.748047, 845.703125
-73.486328, -129.638672, 898.437500
-123.291016, -141.357422, 1017.578125
-178.466797, -176.513672, 983.398438
-130.126953, -121.337891, 996.093750
-105.224609, -98.388672, 1009.277344
-66.650391, -80.810547, 1041.015625
-71.533203, -120.361328, 1038.574219
-31.494141, -135.986328, 977.539062
-,-,-
-132.568359, -203.369141, 1018.554688
-43.701172, -165.283203, 968.750000
-91.552734, -239.013672, 994.140625
-89.111328, -176.513672, 961.425781
-85.205078, -187.744141, 909.667969
-84.716797, -179.443359, 960.449219
-87.646484, -184.814453, 929.687500
-92.041016, -202.880859, 958.007812
-101.806641, -207.763672, 976.562500
-122.314453, -242.919922, 985.839844
-94.970703, -182.373047, 988.769531
-105.224609, -185.791016, 952.148438
-89.111328, -167.236328, 956.054688
-72.509766, -166.748047, 877.441406
-103.759766, -169.189453, 894.042969
-81.298828, -77.880859, 802.246094
-107.666016, -8.544922, 737.304688
-166.748047, 0.976562, 642.578125
-188.232422, 73.730469, 524.414062
-208.740234, 64.941406, 533.203125
-435.791016, -185.791016, 778.808594
-363.037109, -25.146484, 927.734375
-263.427734, 132.324219, 1023.437500
-120.849609, 241.210938, 1167.480469
-34.423828, 152.832031, 1427.246094
10.253906, -38.818359, 1497.070312
-87.158203, -255.126953, 1898.925781
-298.583984, -429.443359, 1422.851562
-218.017578, -273.193359, 1160.156250
-350.341797, -179.443359, 1065.917969
-193.115234, -29.052734, 994.628906
-257.080078, -73.974609, 994.140625
17.089844, 218.261719, 988.769531
-37.841797, 44.921875, 1097.656250
87.890625, 173.828125, 1088.378906
140.625000, 196.289062, 961.425781
38.085938, 44.921875, 1003.906250
132.812500, 134.277344, 879.394531
14.160156, 13.671875, 785.156250
73.242188, -7.568359, 727.050781
-8.544922, -87.646484, 688.476562
15.136719, -74.951172, 695.800781
-59.814453, -153.564453, 760.742188
-58.349609, -161.865234, 848.632812
-71.044922, -171.142578, 936.523438
-66.162109, -202.392578, 964.355469
-87.158203, -215.576172, 994.140625
-42.236328, -162.353516, 1071.777344
2.929688, -108.154297, 1080.078125
-,-,-
-67.626953, -236.083984, 898.437500
-64.208984, -169.189453, 931.152344
-86.181641, -222.412109, 987.792969
-89.111328, -227.294922, 971.679688
-78.857422, -191.162109, 962.402344
-90.576172, -209.716797, 978.515625
-86.181641, -208.251953, 985.839844
-80.322266, -221.435547, 978.515625
-71.044922, -178.466797, 980.468750
-74.462891, -197.021484, 967.773438
-76.904297, -212.646484, 964.843750
-113.525391, -233.154297, 947.265625
-94.970703, -185.791016, 933.105469
-98.388672, -150.146484, 918.945312
-147.216797, -163.818359, 817.382812
-154.052734, -122.802734, 732.421875
-190.673828, -77.880859, 630.371094
-204.345703, -20.263672, 609.375000
-218.994141, 44.921875, 683.593750
-230.712891, 15.136719, 800.292969
-229.736328, -10.498047, 792.968750
-198.974609, 67.382812, 933.105469
-73.486328, 151.855469, 1124.023438
-132.568359, -98.388672, 1277.832031
-157.470703, -106.201172, 1443.359375
-93.017578, -90.576172, 1476.562500
-187.744141, -112.060547, 1333.984375
-198.974609, -30.029297, 1136.718750
-247.802734, -84.228516, 1108.398438
-160.400391, -2.685547, 1097.656250
-263.427734, -84.228516, 1304.687500
-10.498047, 147.949219, 1288.085938
-33.447266, 156.738281, 1194.824219
21.972656, 184.082031, 1167.480469
-27.587891, 66.894531, 1000.000000
-78.857422, 18.066406, 947.265625
11.718750, -12.939453, 892.578125
3.906250, 8.789062, 736.328125
89.843750, 181.640625, 699.707031
101.074219, 156.250000, 724.121094
33.691406, 85.449219, 745.117188
-9.521484, -33.447266, 809.570312
-81.298828, -92.529297, 805.664062
-114.013672, -103.271484, 840.820312
-190.185547, -243.896484, 931.152344
-159.912109, -150.146484, 945.312500
-137.939453, -144.287109, 1022.460938
-72.021484, -178.466797, 971.679688
-,-,-
-83.740234, -190.185547, 988.281250
-98.388672, -163.818359, 956.542969
-106.201172, -239.990234, 942.382812
-47.119141, -161.865234, 914.062500
-112.060547, -236.572266, 950.195312
-90.576172, -215.576172, 968.750000
-85.693359, -169.189453, 974.609375
-50.537109, -150.634766, 974.609375
-100.830078, -205.322266, 978.515625
-82.275391, -196.044922, 970.703125
-113.037109, -218.994141, 950.195312
-106.689453, -205.810547, 974.609375
-118.896484, -215.576172, 956.054688
-93.994141, -189.697266, 940.429688
-112.060547, -199.951172, 932.128906
-104.248047, -140.869141, 862.304688
-165.283203, -125.732422, 805.175781
-154.541016, -17.822266, 549.804688
-155.517578, 82.031250, 455.078125
-209.228516, 118.652344, 598.144531
-218.994141, 128.906250, 686.523438
-204.345703, 170.898438, 814.453125
-168.701172, 78.613281, 1022.460938
-138.427734, -78.857422, 1236.328125
-61.279297, -83.740234, 1477.050781
-74.462891, -89.599609, 1681.640625
-124.755859, -133.544922, 1533.691406
-164.306641, -109.130859, 1248.535156
-183.837891, -113.037109, 1189.941406
-180.419922, -92.529297, 1130.859375
-87.158203, -0.732422, 1204.101562
26.855469, 228.515625, 1127.929688
-99.853516, 70.800781, 1249.023438
48.828125, 193.359375, 1085.937500
-14.892578, 170.410156, 1023.437500
82.519531, 187.988281, 943.359375
-14.404297, 77.148438, 814.453125
-73.486328, 38.085938, 856.933594
32.714844, 112.304688, 798.339844
15.136719, 130.859375, 778.808594
0.976562, 70.800781, 797.851562
-39.306641, 13.671875, 818.359375
-77.880859, -13.427734, 870.117188
-93.994141, -66.162109, 858.886719
-142.822266, -105.224609, 863.769531
-156.494141, -129.638672, 958.496094
-169.189453, -135.009766, 979.492188
-127.685547, -51.025391, 999.023438
-106.689453, -104.248047, 1050.781250
-35.888672, -72.998047, 1065.917969
10.253906, -90.087891, 1071.289062
-,-,-
-105.224609, -177.490234, 985.351562
-126.708984, -198.974609, 938.476562
-102.294922, -193.115234, 989.746094
-121.337891, -164.794922, 1001.953125
-120.849609, -187.255859, 991.210938
-120.849609, -181.396484, 980.468750
-122.314453, -161.865234, 970.703125
-99.365234, -147.216797, 945.312500
-120.849609, -190.185547, 919.921875
-99.853516, -176.513672, 922.851562
-135.009766, -185.791016, 951.171875
-135.009766, -181.396484, 949.218750
-144.287109, -203.369141, 932.617188
-158.935547, -203.369141, 906.738281
-157.470703, -117.431641, 843.750000
-164.306641, -73.974609, 749.511719
-149.658203, 22.460938, 687.500000
-213.623047, 35.644531, 578.613281
-177.001953, 142.578125, 543.457031
-180.419922, 187.011719, 547.851562
-235.107422, 117.675781, 771.484375
-137.451172, 42.968750, 1116.699219
-220.458984, -158.935547, 1479.980469
-107.666016, -95.458984, 1567.382812
-105.224609, -76.904297, 1437.500000
-153.076172, -87.158203, 1416.015625
-359.619141, -252.197266, 1219.238281
-252.685547, -97.412109, 1294.433594
-243.896484, -115.966797, 1242.187500
-106.689453, 92.773438, 1075.195312
-135.009766, -12.451172, 1105.468750
0.488281, 84.472656, 1021.484375
66.406250, 158.203125, 1076.171875
72.265625, 109.375000, 1043.457031
106.933594, 214.843750, 909.667969
113.769531, 127.929688, 861.328125
62.500000, 57.617188, 751.464844
-4.638672, -24.169922, 754.394531
54.199219, 29.296875, 724.609375
-7.080078, 15.136719, 746.093750
-28.076172, -29.541016, 815.429688
-42.724609, -31.982422, 801.757812
-56.884766, -74.951172, 893.554688
-106.201172, -135.498047, 885.742188
-52.490234, -76.904297, 983.886719
-93.994141, -175.537109, 1054.687500
-,-,-
-67.626953, -135.009766, 972.656250
-129.150391, -222.412109, 975.585938
-52.490234, -148.681641, 959.472656
-120.849609, -159.912109, 966.308594
-88.623047, -135.009766, 967.773438
-117.919922, -204.833984, 965.820312
-82.275391, -144.287109, 961.914062
-90.576172, -169.677734, 964.355469
-81.787109, -148.681641, 968.750000
-95.458984, -162.841797, 971.679688
-72.021484, -151.123047, 956.054688
-112.548828, -176.513672, 975.585938
-105.224609, -158.935547, 964.843750
-106.689453, -163.818359, 980.957031
-95.947266, -157.958984, 953.125000
-90.576172, -167.236328, 938.476562
-94.482422, -179.443359, 945.312500
-83.740234, -163.818359, 952.148438
-114.501953, -185.791016, 980.468750
-82.763672, -146.240234, 949.218750
-117.431641, -171.142578, 919.921875
-131.591797, -146.240234, 862.304688
-133.544922, -82.275391, 765.625000
-148.681641, -16.845703, 614.257812
-138.427734, 87.890625, 609.375000
-204.345703, 68.847656, 572.753906
-252.197266, 107.421875, 558.593750
-222.900391, 190.429688, 786.132812
-237.060547, 141.601562, 997.070312
-261.474609, 8.789062, 1285.156250
-196.044922, -9.521484, 1448.242188
-131.103516, 52.734375, 1604.492188
-147.705078, -118.408203, 1592.773438
-296.630859, -248.779297, 1382.324219
-236.572266, -64.208984, 1068.847656
-218.994141, -68.603516, 1027.343750
-232.666016, -80.322266, 1078.125000
-65.185547, 132.812500, 1077.148438
-130.126953, 48.828125, 1203.125000
78.613281, 262.695312, 1197.265625
69.824219, 259.765625, 1099.609375
92.773438, 237.792969, 1071.289062
88.378906, 127.929688, 947.265625
-42.236328, -24.169922, 857.910156
65.917969, 90.820312, 755.371094
-5.126953, -13.427734, 765.625000
-25.634766, 44.921875, 801.269531
-14.404297, 23.437500, 812.988281
-100.830078, -71.533203, 871.093750
-41.259766, 28.320312, 842.773438
-168.212891, -136.962891, 888.183594
-,-,-
-162.353516, -218.017578, 970.703125
-163.330078, -274.169922, 994.628906
-125.732422, -207.275391, 946.289062
-134.033203, -214.599609, 977.539062
-129.150391, -197.998047, 979.492188
-103.271484, -191.162109, 959.472656
-125.732422, -223.388672, 933.105469
-88.134766, -185.791016, 940.429688
-120.849609, -197.998047, 958.496094
-122.314453, -204.345703, 941.406250
-152.099609, -237.548828, 972.656250
-121.337891, -199.951172, 955.078125
-144.287109, -243.896484, 935.058594
-129.150391, -200.927734, 963.378906
-113.037109, -213.623047, 948.242188
-146.240234, -238.037109, 927.734375
-131.103516, -182.373047, 924.804688
-153.076172, -183.837891, 864.257812
-156.982422, -149.169922, 837.890625
-190.673828, -123.779297, 730.468750
-182.373047, -14.404297, 632.812500
-196.533203, 11.718750, 574.707031
-237.548828, -10.498047, 572.753906
-271.728516, 19.042969, 669.921875
-262.451172, 58.105469, 835.937500
-232.666016, 96.679688, 982.421875
-207.763672, 33.691406, 1215.820312
-176.025391, -70.068359, 1495.117188
-174.560547, -135.009766, 1562.988281
-223.388672, -136.474609, 1413.085938
-168.701172, -20.263672, 1165.527344
-322.998047, -178.466797, 1120.605469
-178.466797, 39.062500, 1163.085938
-153.076172, 23.925781, 1275.878906
-122.802734, 63.476562, 1359.863281
-22.216797, 146.484375, 1225.585938
-43.701172, 152.343750, 1194.824219
43.945312, 223.632812, 1080.078125
30.273438, 170.410156, 962.402344
38.574219, 133.300781, 870.117188
117.187500, 151.855469, 792.968750
101.562500, 178.710938, 706.054688
67.382812, 84.472656, 714.843750
-7.080078, -30.517578, 746.093750
-65.185547, -77.880859, 777.832031
-152.587891, -88.623047, 731.445312
-178.466797, -176.513672, 856.933594
-,-,-
-85.205078, -114.013672, 956.054688
-222.412109, -328.857422, 996.093750
-84.716797, -225.341797, 954.101562
-98.876953, -207.275391, 925.781250
-111.083984, -184.326172, 947.265625
-88.134766, -203.369141, 944.335938
-110.107422, -223.388672, 933.105469
-88.134766, -188.232422, 940.429688
-117.919922, -215.087891, 955.078125
-101.806641, -226.318359, 943.359375
-141.845703, -243.896484, 969.726562
-132.568359, -209.716797, 960.449219
-123.779297, -194.091797, 965.820312
-138.427734, -209.716797, 964.355469
-146.728516, -241.943359, 963.867188
-167.724609, -204.345703, 933.105469
-166.748047, -176.513672, 908.691406
-170.166016, -134.521484, 794.921875
-189.697266, -96.435547, 713.867188
-181.396484, 2.441406, 607.421875
-203.857422, 75.195312, 550.781250
-158.447266, 130.859375, 539.062500
-237.060547, 89.843750, 691.406250
-163.330078, 156.250000, 770.507812
-240.478516, 39.062500, 1145.996094
-159.912109, -2.685547, 1328.125000
-190.673828, -185.791016, 1666.992188
-171.630859, -207.763672, 1583.496094
-232.666016, -218.017578, 1259.765625
-315.673828, -274.169922, 1130.859375
-339.599609, -228.271484, 1098.632812
-336.669922, -115.966797, 1286.621094
-234.130859, 19.531250, 1338.867188
-112.060547, 125.976562, 1236.328125
-76.904297, 154.296875, 1199.218750
68.359375, 256.835938, 1041.015625
-9.033203, 170.410156, 1042.968750
103.515625, 261.718750, 900.878906
57.617188, 215.332031, 785.156250
75.683594, 230.468750, 716.796875
-78.857422, 11.718750, 681.152344
-22.705078, 113.281250, 805.175781
-104.248047, -24.169922, 763.671875
-109.619141, -27.099609, 791.015625
-124.267578, -121.826172, 788.085938
-175.537109, -170.166016, 838.867188
-85.693359, -16.845703, 974.609375
-166.748047, -144.287109, 989.746094
-142.333984, -137.939453, 1005.859375
-94.970703, -162.353516, 1017.578125
-114.013672, -191.650391, 1029.296875
-,-,-
-130.126953, -149.169922, 962.890625
-159.912109, -248.779297, 1005.859375
-147.705078, -231.689453, 993.164062
-125.732422, -178.466797, 970.703125
-107.666016, -154.052734, 954.101562
-141.357422, -219.482422, 943.359375
-105.712891, -151.123047, 943.359375
-108.642578, -172.119141, 941.406250
-142.822266, -200.439453, 938.476562
-120.849609, -180.419922, 963.378906
-126.708984, -183.349609, 997.070312
-132.568359, -208.251953, 972.656250
-134.033203, -205.322266, 954.101562
-133.056641, -185.791016, 973.632812
-120.361328, -180.419922, 933.105469
-152.099609, -223.388672, 934.082031
-156.494141, -178.466797, 942.382812
-164.794922, -146.240234, 870.117188
-185.791016, -92.529297, 775.878906
-203.857422, -36.865234, 601.562500
-253.173828, -37.841797, 471.191406
-228.271484, 132.812500, 354.492188
-243.408203, 265.625000, 546.386719
-253.662109, 155.761719, 909.667969
-231.689453, 90.820312, 1173.828125
-158.447266, 18.066406, 1531.738281
-289.306641, -206.787109, 1634.277344
-183.837891, -263.427734, 1642.089844
-280.517578, -365.966797, 1554.199219
-337.646484, -285.400391, 1346.679688
-230.712891, -52.978516, 1238.281250
-342.041016, -143.310547, 1251.953125
-48.095703, 222.656250, 1145.996094
42.968750, 230.957031, 1060.058594
-189.208984, -52.978516, 1091.796875
41.503906, 176.757812, 923.828125
18.554688, 138.671875, 864.257812
44.921875, 129.882812, 767.578125
22.460938, 37.109375, 705.078125
3.417969, 35.644531, 722.167969
1.464844, 8.789062, 733.398438
-42.724609, -42.724609, 732.421875
-133.544922, -141.357422, 783.203125
-186.279297, -239.013672, 843.750000
-167.724609, -181.396484, 904.785156
-140.869141, -188.232422, 895.507812
-98.388672, -146.240234, 963.867188
-108.642578, -177.490234, 1026.367188
-75.439453, -218.017578, 994.140625
-,-,-
-121.337891, -225.341797, 938.476562
-121.337891, -172.119141, 971.679688
-91.552734, -189.697266, 959.472656
-126.708984, -213.623047, 1014.160156
-120.849609, -186.767578, 944.335938
-105.712891, -194.091797, 938.476562
-116.455078, -184.814453, 925.781250
-123.779297, -200.927734, 954.101562
-117.431641, -159.912109, 947.265625
-139.404297, -202.392578, 972.656250
-151.123047, -218.994141, 989.257812
-128.173828, -197.998047, 987.792969
-124.755859, -197.021484, 974.609375
-114.501953, -174.560547, 972.656250
-137.939453, -230.224609, 957.519531
-141.357422, -185.302734, 933.105469
-149.658203, -179.443359, 906.250000
-150.634766, -159.912109, 887.695312
-180.419922, -179.443359, 855.468750
-178.466797, -132.568359, 746.093750
-169.189453, -35.888672, 667.968750
-206.787109, 0.488281, 590.820312
-235.107422, 37.109375, 603.515625
-248.779297, 139.648438, 582.031250
-275.146484, 211.914062, 809.082031
-328.369141, 52.246094, 1068.847656
-358.642578, -48.583984, 1194.824219
-199.951172, -22.216797, 1318.359375
-182.861328, -124.755859, 1385.742188
-91.552734, -76.904297, 1460.937500
-257.080078, -316.162109, 1493.164062
-293.701172, -227.294922, 1392.578125
-221.923828, -91.552734, 1296.386719
-242.431641, -74.951172, 1179.687500
-68.115234, 130.859375, 1172.851562
60.546875, 272.460938, 1057.617188
-31.494141, 133.300781, 1082.031250
85.937500, 223.632812, 1013.183594
20.019531, 132.812500, 955.566406
36.621094, 169.433594, 836.914062
42.480469, 130.859375, 767.578125
-2.685547, 87.890625, 737.304688
27.832031, 96.191406, 719.726562
-47.607422, -22.705078, 759.277344
-48.095703, -51.025391, 812.011719
-137.451172, -139.404297, 852.050781
-165.283203, -167.236328, 924.804688
-168.212891, -162.841797, 892.578125
-122.314453, -114.990234, 899.414062
-147.705078, -181.396484, 917.968750
-84.716797, -134.033203, 956.542969
-,-,-
-166.259766, -284.423828, 989.746094
-110.107422, -228.271484, 947.265625
-139.404297, -206.787109, 1014.160156
-121.337891, -179.443359, 983.398438
-120.361328, -208.251953, 962.402344
-105.224609, -180.419922, 965.820312
-136.962891, -217.529297, 969.726562
-114.990234, -216.552734, 961.425781
-111.083984, -198.974609, 973.632812
-125.244141, -202.880859, 939.453125
-132.568359, -230.712891, 958.007812
-128.173828, -191.162109, 949.218750
-126.708984, -224.365234, 916.992188
-171.142578, -246.826172, 903.320312
-134.033203, -157.470703, 848.632812
-149.658203, -132.568359, 835.449219
-185.791016, -106.201172, 777.832031
-217.529297, -27.099609, 616.210938
-221.435547, 96.679688, 540.527344
-275.146484, 66.894531, 530.273438
-262.451172, 111.328125, 633.789062
-229.248047, 181.640625, 782.226562
-221.435547, 126.953125, 1145.507812
-113.037109, 45.898438, 1312.500000
-138.427734, -89.599609, 1579.589844
-154.052734, -130.615234, 1660.644531
-305.419922, -293.701172, 1589.843750
-267.822266, -173.583984, 1349.121094
-289.306641, -123.779297, 1172.851562
-136.962891, 57.617188, 1116.699219
-260.009766, -101.806641, 1251.953125
8.300781, 210.937500, 1124.023438
-22.216797, 120.605469, 1096.679688
105.468750, 265.625000, 1057.617188
28.808594, 132.324219, 936.523438
36.132812, 126.953125, 950.195312
-9.521484, 38.085938, 820.312500
-79.345703, -16.845703, 806.152344
1.953125, 48.828125, 745.117188
-52.001953, -50.048828, 708.007812
-54.931641, -72.021484, 792.968750
-93.017578, -121.826172, 789.062500
-177.001953, -190.185547, 833.007812
-127.685547, -146.240234, 869.140625
-192.626953, -231.201172, 891.601562
-186.279297, -290.771484, 921.875000
-169.189453, -242.919922, 908.691406
